PATH 0 0 292 42 2,11 3,10 4,9 5,8 6,8 7,8 8,7 9,6 10,5 11,5 12,5 13,5 14,5 15,5 16,5 17,5 18,5 19,5 20,5 21,5 22,5 23,5 24,4 25,3 26,3 27,3 28,3
PATH 0 1 312 115 2,11 3,10 4,9 5,9 6,9 7,9 8,8 9,7 10,6 11,6 12,6 13,5 14,5 15,5 16,5 17,5 18,5 19,5 20,6 21,6 22,6 23,5 24,4 25,3 26,3 27,3 28,3
PATH 0 2 356 185 2,11 3,10 4,10 5,10 6,10 7,10 8,9 9,8 10,7 11,7 12,7 13,6 14,5 15,4 16,4 17,4 18,4 19,5 20,6 21,6 22,6 23,5 24,4 25,3 26,3 27,3 28,3
PATH 1 0 444 251 2,11 3,10 4,9 5,8 6,7 7,6 7,5 7,4 7,3 8,3 9,3 10,4 11,5 12,6 13,7 14,8 15,9 15,10 16,10 17,10 18,9 19,8 20,7 21,6 22,5 23,4 23,3 24,3 25,3 26,4 27,5 28,6 29,7 29,8 29,9 29,10 29,11
PATH 1 1 504 260 2,11 3,10 4,9 5,8 6,7 6,6 6,5 6,4 6,3 7,2 8,2 9,2 10,3 11,4 12,5 13,6 14,7 14,8 14,9 14,10 15,11 16,11 17,11 18,10 19,9 20,8 21,7 22,6 22,5 22,4 22,3 23,2 24,2 25,2 26,3 27,4 28,5 29,6 29,7 29,8 29,9 29,10 29,11
PATH 1 2 568 268 2,11 3,10 4,9 5,8 5,7 5,6 5,5 5,4 6,3 7,2 8,2 9,2 10,3 11,4 12,5 13,6 13,7 13,8 13,9 14,10 15,11 16,11 17,11 18,10 19,9 20,8 21,7 21,6 21,5 21,4 22,3 23,2 24,2 25,2 26,3 27,4 28,5 28,6 28,7 28,8 28,9 28,10 29,11
PATH 2 0 302 125 2,7 3,7 4,7 5,7 6,7 7,7 8,7 9,7 10,6 11,5 12,4 13,3 14,3 15,3 16,3 17,3 18,3 19,3 20,3 21,4 22,5 23,6 24,7 25,7 26,7 27,7 28,7 29,7
PATH 2 1 310 141 2,7 3,7 4,7 5,7 6,7 7,7 8,7 9,6 10,5 11,4 12,3 13,2 14,2 15,2 16,2 17,2 18,2 19,2 20,2 21,3 22,4 23,5 24,6 25,7 26,7 27,7 28,7 29,7
PATH 2 2 354 219 2,7 3,7 4,7 5,7 6,7 7,7 8,7 9,6 10,5 11,4 12,3 13,2 14,2 15,2 16,2 17,2 18,2 19,2 20,2 21,3 22,4 23,5 24,6 25,7 26,7 27,7 28,7 29,7
PATH 3 0 532 211 1,12 2,11 2,10 2,9 3,9 4,9 5,10 5,11 6,11 7,11 8,10 8,9 8,8 8,7 8,6 8,5 8,4 8,3 8,2 8,1 9,1 10,1 11,2 11,3 11,4 11,5 12,5 13,5 14,4 14,3 15,3 16,3 17,4 17,5 18,5 19,5 20,5 21,5 22,4 22,3 23,3 24,3 25,4 25,5 26,5 27,5 28,5 29,5 29,4 29,3 29,2
PATH 3 1 1100 228 1,12 2,11 2,10 2,9 3,9 4,9 5,10 5,11 6,11 7,11 7,10 7,9 7,8 7,7 7,6 7,5 7,4 7,3 7,2 8,1 9,1 10,1 11,2 11,3 11,4 11,5 12,5 13,5 14,4 14,3 15,2 16,3 17,4 17,5 18,5 19,5 20,5 21,5 22,4 22,3 23,2 24,3 25,4 25,5 26,5 27,5 28,5 29,5 29,4 29,3 29,2
PATH 3 2 1116 229 1,12 2,11 2,10 2,9 3,9 4,9 5,10 5,11 6,11 7,11 7,10 7,9 7,8 7,7 7,6 7,5 7,4 7,3 7,2 8,1 9,1 10,1 11,2 11,3 11,4 11,5 12,5 13,5 14,4 14,3 15,2 16,3 17,4 17,5 18,5 19,5 20,5 21,5 22,4 22,3 23,2 24,3 25,4 25,5 26,5 27,5 28,5 29,5 29,4 29,3 29,2
PATH 4 0 90 10 2,2 2,3 2,4 2,5 2,6 2,7 2,8 2,9 2,10 2,11
PATH 4 1 90 10 2,2 2,3 2,4 2,5 2,6 2,7 2,8 2,9 2,10 2,11
PATH 4 2 126 25 2,2 2,3 2,4 2,5 2,6 2,7 2,8 2,9 2,10 2,11
